kot,"['kod', 'kotes', 'kot', 'koot', 'kotan']"
ar,"['aris', 'ar']"
bigalan,['bibl']
naht,"['nat', 'nt']"
messa,['ms']
lant,"['lat', 'lnt', 'lant']"
in,['in']
god,"['godes', 'godob', 'god']"
minna,"['minna', 'mina']"
doh,"['d', 'do']"
theser,"['thes', 'thesses']"
kristenlîch,"['kristianes', 'kuninkrichechud', 'kristes', 'kristan', 'kistentit', 'kistentitferit', 'kisgetdenne']"
folk,"['folkes', 'folke', 'folk', 'folko']"
selch,"['ser', 'sel', 'selu']"
beiersch,['bedero']
gihaltnissi,['gehaltnissi']
fon,"['fon', 'fonik']"
these,['thesemo']
danne,"['dage', 'danne']"
frammort,['frammordes']
sola,['so']
frîman,['fram']
mið,['mir']
got,"['got', 'gothi']"
gevreischen,['geuuizci']
furhoubitôn,['furgibit']
thegan,"['thesan', 'thegana', 'thegeno']"
bruoder,['bruoder']
sonst,"['soso', 'soni']"
man,"['man', 'manno', 'manso', 'mn']"
mit,['mit']
skolan,"['skal', 'skul', 'skoltawio', 'skolta', 'skulim', 'skoldi']"
theiȥ,['thiu']
thar,"['thaz', 'thar', 'tharbe']"
er,['er']
michil,['mig']
sorgsam,['sosama']
duo,['duo']
missedienen,['mitluderen']
thing,"['thing', 'thina', 'thine', 'tfieng']"
nerian,['negegango']
theih,"['the', 'theo']"
unbillîch,"['uuillon', 'uuslllz', 'uuilleon']"
imphâhan,['imoze']
skephen,['skaden']
unwerdnissa,"['uuerdenoba', 'uuirdist']"
karge,"['karl', 'karle']"
thenken,['then']
eid,['eid']
sind,"['sinemo', 'sine', 'sint', 'sinb', 'sina', 'sid', 'sinemu', 'sindu', 'sind']"
leischieren,['luduuuigegesuor']
geleite,"['geleistit', 'geedathe', 'gelimida']"
lungun,"['luduuuig', 'luduizi']"
mahd,"['m', 'mm', 'ma']"
herizoho,"['herro', 'heremo', 'herizoh', 'heligo', 'hezzt', 'herz']"
immer,"['imo', 'imu', 'imoherio']"
gesterne,['gesuor']
ob,['ob']
aba,['a']
esil,['es']
irthenken,"['iruuenden', 'iudeno', 'iudeono']"
neman,['nemag']
ther,"['thero', 'ther']"
magad,"['mag', 'magadeiti']"
under,['uuidar']
chelig,"['ce', 'che']"
follust,['follusti']
nehtint,['neuuirdit']
wahs,['was']
filu,"['filu', 'filuher']"
managî,"['managemo', 'manage', 'managero', 'managu']"
giskeppian,['gikleiptinthaz']
sigehaf,"['sie', 'sies']"
irmin,['iro']
breiten,['breittinsie']
iouh,"['io', 'iz']"
reini,['reiniiz']
irstân,['ist']
eigan,"['eig', 'euuig']"
gistantan,"['gisagetinthaz', 'gistuont', 'gitano', 'giflanzotan']"
thiob,"['thio', 'thiob']"
nu,['nu']
al,['al']
wola,"['wola', 'wolta']"
manteler,['mannes']
zihan,['zi']
thara,"['thera', 'tharana', 'thara', 'thaa']"
thiet,"['thie', 'thier']"
ni,['ni']
bilU,['bi']
ana,['ana']
selb,"['selb', 'selbes', 'selben', 'selba', 'selbon', 'selbo', 'selbemu', 'selbomo']"
list,['lisist']
thwingan,"['theheiniga', 'thinazfo', 'thinthanne']"
ziu,"['zung', 'ziu']"
gotnissa,"['gotes', 'gotnissa']"
sioh,"['si', 'sia']"
thuruh,"['thia', 'thu', 'thir', 'theru', 'thiz']"
wizzî,['wizod']
skioro,['skono']
ginennen,['ginenne']
thûmo,"['themo', 'tholota']"
sih,['s']
wesan,"['wesan', 'wesen']"
wollen,['wolles']
wirken,"['wirken', 'wirkentni', 'wik']"
skôni,"['skonu', 'skoni', 'sklsino']"
ziteilen,['ziti']
streben,"['skribent', 'stnseder']"
regula,"['regula', 'regilo']"
gibot,"['gibotes', 'gibot', 'gibod']"
lauwe,"['laz', 'lazzeta']"
sahha,"['sar', 'saz', 'sata', 'sazta']"
zibrechan,"['zitithaz', 'ziarathaz', 'zibrichu']"
wort,['wort']
altar,"['allaz', 'altares']"
racha,['rachaziu']
wirdîg,"['wir', 'wird']"
hiar,['hiar']
zapfenzieher,"['zaltunsie', 'zehenzugfalto']"
kuoni,"['kuanizi', 'kuono', 'kuoni']"
snelheit,['snelleso']
alleswio,"['allesie', 'allen', 'allem', 'alleru']"
warch,['war']
sehs,['se']
tag,"['t', 'tag', 'tat']"
sant,['santesie']
guat,"['guatezi', 'guaton']"
erklingen,['ettinnen']
ruaren,['ruaritni']
weit,['weiz']
widar,['widar']
ring,"['ringe', 'rmingot']"
iu,"['iu', 'iung']"
einôti,"['eine', 'einemo', 'eino']"
herzenôt,"['herten', 'herron', 'herzn', 'herzen']"
tarni,['tar']
zegân,['zug']
ubar,"['ubar', 'uuaz', 'uuard', 'uuart', 'uf', 'uub', 'uuarn', 'uuar', 'uuara']"
heimingi,"['heimeni', 'heizit']"
derien,"['derie', 'dero', 'dera']"
narro,['nan']
werende,['werienthie']
irliuhten,['irbitenthaz']
umbigraban,"['umbiritenwanta', 'umbigrabu']"
girâti,['giratisie']
thionôn,['thiononti']
folleist,['follenu']
willio,['will']
deil,['deilso']
zoagant,"['zungunthaz', 'zuouuarti']"
giantwurten,"['gizungikristes', 'giantvfurtit', 'giantvfurtitus']"
werdekeit,"['werde', 'werdeint']"
hovestat,"['holetazi', 'hohista', 'hohistom']"
lantman,"['lanteiz', 'lante', 'lantesni']"
horn,"['hor', 'horuue', 'horenne']"
werch,['wer']
hold,['hold']
sundîch,"['sungu', 'sunes']"
ein,['eines']
e,"['e', 'ez']"
mord,['mo']
lango,"['lasso', 'lange', 'lango']"
wasgan,['waswanta']
biscof,"['biskofa', 'biskof']"
siu,"['siu', 'sis']"
zahar,"['za', 'zacharias', 'zachariam']"
lioht,"['lib', 'lido']"
ward,['ward']
thoh,['tho']
furi,['furi']
thanne,"['thanne', 'thannethaz']"
gotlîh,['gote']
garo,['garo']
hut,['hus']
boto,"['boton', 'boto']"
skînan,['skonanzi']
droffenysse,['drofwanta']
thionôst,"['thinuist', 'thionot']"
bechantnusse,"['berantus', 'biduuunganthanne']"
worolt,"['worolt', 'wor']"
hengist,['hentiwola']
fora,['fora']
jung,['ju']
herza,['herza']
kind,"['kindo', 'kinthes', 'kind', 'kinde']"
duam,['duat']
manheit,"['mannezi', 'manher', 'mangeba']"
liut,"['liuti', 'liudim']"
bac,['b']
minniôn,"['minuist', 'minniu']"
meghin,"['meg', 'megines', 'megidz', 'megine']"
zam,['z']
after,"['afur', 'after']"
irren,['iru']
dannoch,"['datinu', 'dages']"
bistân,['bist']
saro,"['sarunz', 'saro']"
gisehan,"['gisehes', 'gisehemes', 'gisehente', 'gisehet']"
stantan,"['stuant', 'stontdo', 'stntn', 'stantenti']"
warî,['wari']
unz,"['uz', 'unz']"
waltant,"['waswant', 'waltant', 'wallota']"
wahsmo,['wastho']
fuaȥ,['fuar']
kemenâte,"['kwena', 'kwhemandes', 'kwheman', 'kwemnt', 'kwedentiu', 'kwedenti', 'kwementi']"
harto,"['harto', 'hato']"
gache,"['gan', 'gab', 'gao']"
erbarmên,['erstarp']
hinaht,['hina']
tobeheit,['todmit']
fuotiren,"['fultather', 'fuozi']"
weroldaldar,['woltathar']
wiskan,['wison']
kaphen,"['kwad', 'kachaium']"
ieslîch,['ili']
sigihaft,['sinthesthes']
heimortes,['heimortfirnam']
gurten,"['guatertho', 'gurt']"
giforhten,"['gihort', 'giforht', 'gikorota']"
anderswâ,"['ander', 'anderes']"
einhalp,['eina']
dara,"['daga', 'dara']"
sin,"['sinso', 'siniu']"
hi,['hi']
habe,"['habet', 'habent', 'habbe', 'habes', 'habeta']"
blitzen,['blides']
zigangan,"['zigiang', 'ziganganemo', 'zuogituon']"
irgân,['ira']
zerkennen,['zeizoskonen']
skilt,"['skalwib', 'skiltim', 'skilti', 'skulidr', 'skolt']"
einfalt,['einwaz']
zehan,['zue']
krâmer,['kwam']
namo,"['namsar', 'nam', 'namer', 'namo', 'namen', 'namon']"
rihhisôn,"['rinitso', 'rihi']"
danch,"['dagthaz', 'daz', 'danihel', 'dn']"
datmen,"['datimit', 'datithar', 'dati']"
machôn,['machonthiu']
muoter,"['muater', 'muotes', 'muoter', 'muoterseno']"
sahhan,"['sahunso', 'saar']"
wasten,['wasthen']
sus,['sus']
kruag,['kruagizi']
rahhôn,"['rachonthio', 'rhhondi']"
ofto,"['ofto', 'of']"
stuatago,"['stunto', 'stutgo']"
durst,"['duent', 'durft']"
giwirkian,['giwurtigunz']
giâmarmuod,"['gimazzodrank', 'gimartorodan']"
gidank,['gidanthie']
skerten,"['skanktuniz', 'skarpen', 'skltoten']"
waȥȥar,['wazzar']
farziohan,['fazthen']
friunt,['friunt']
frewida,['frewit']
bitten,['bistthen']
skeppian,['skenkit']
solîh,['sos']
marha,"['magja', 'mak', 'mrh']"
deste,['deta']
hera,['hera']
theist,['theist']
eowiht,"['ekordi', 'eomaer', 'euiit', 'euuit', 'euuu']"
glas,['gloss']
iowiht,"['iii', 'iono']"
skeran,['skir']
hals,['hals']
pantel,"['partgloss', 'pgnt']"
idis,"['iiisage', 'id', 'idisi']"
uper,"['uueo', 'uuir', 'uuerkn', 'uerra', 'uuer', 'uues']"
amis,['am']
unnan,"['uuanna', 'uuanan']"
piotan,"['pist', 'piutit', 'pikitrnit']"
kimachida,"['kwimisfona', 'kiuufnitdenne', 'kimrkot']"
lantscaf,"['lantskeffi', 'langobardi', 'lantskaf', 'lantskefi']"
farstantan,"['farant', 'fahant', 'fyrstant', 'fyrodant']"
unwahsan,"['uuas', 'uuasafter', 'uuesan']"
durchstrîchan,"['durftimanago', 'drizugfaltothisu']"
firnlustigo,"['firnimisni', 'fiantonbittee']"
firneman,['firnimu']
augan,"['auar', 'augidom']"
kapeotan,"['kapiutu', 'kapiut', 'kalemannekod', 'kankta']"
anti,"['anti', 'anta']"
unta,['uuanta']
ubirgangen,"['uuesangloss', 'uuordan', 'uuerdant', 'uuirditenti', 'uzgangenti', 'uuizzagon', 'uuirdig', 'uuingarte']"
sament,"['sapiens', 'sapienti', 'sapientia', 'saget']"
horo,"['homo', 'hore']"
tohter,"['toler', 'tot', 'totet']"
stôptun,"['stultus', 'stopt']"
tolaheit,['tole']
denken,"['denne', 'den', 'denner']"
stuppi,['stulti']
suntar,['sunt']
ruofan,"['romani', 'ruofurhono']"
pfarifrit,['paioarimodika']
eftha,['est']
reganôn,['romanaplus']
stâtic,['stultitia']
schmeigeln,['sapientiagloss']
irbiotan,['iiihogazi']
koufschatz,['kogita']
serpant,"['selpan', 'sera']"
de,"['de', 'demu', 'demo']"
tempel,"['temet', 'tempil', 'tempal', 'templo', 'temple']"
ipu,"['ipsum', 'ipu']"
hogazzen,['hogazta']
eo,"['ego', 'eo']"
korcodrill,"['kogitafi', 'kodalenkbibl', 'korkodrllupage']"
simbles,"['simpl', 'simbles', 'simblum']"
semergot,['semper']
fona,['fona']
selp,"['selpemo', 'selp']"
mede,['me']
ik,['ik']
gihoran,"['gihorta', 'gihorant', 'gihori', 'gihorik', 'gihorit']"
dat,['dat']
seggian,['seggen']
muot,"['muot', 'muotti']"
hiltia,"['hiltibrant', 'hiltiu', 'hilpit', 'hilh', 'hielt']"
enti,['enti']
haranscara,['hadubrantuntar']
heri,['heri']
tuom,"['tuem', 'tuoe']"
sunufatarungo,"['sunufatarungo', 'sunohiltibrant', 'sunuuntazs']"
gart,['garut']
gudea,['gudham']
sunst,"['suert', 'suntho']"
helid,"['helidos', 'heptid']"
ringan,"['ringado', 'rhngn']"
tobên,['to']
rihten,['rit']
her,['her']
herizogo,"['heroro', 'herifon']"
ferah,['ferahes']
fordoro,['frotoroher']
frage,"['fragen', 'frote', 'fraget', 'frageta']"
forhten,"['fohem', 'forhten']"
untriuwe,['uuortumhwer']
fater,"['fater', 'fter']"
wartil,['warifireo']
eddo,"['eddo', 'ed', 'edo']"
kinuok,"['knuosles', 'kinuok']"
du,['du']
ibu,['ibu']
mi,['mi']
sagên,"['sagesik', 'sagenne', 'saxones', 'sagen']"
odre,"['odre', 'ort']"
ummet,"['uuet', 'ummet']"
rind,['rmindeot']
haptband,"['hadubrant', 'haptbandum']"
gimahalen,"['gimahalta', 'gimahaltero']"
heimwartes,"['hiltibrantes', 'heribrantes', 'heimuuartes']"
sundar,"['sunudat', 'suno', 'sung']"
missewende,"['miusere', 'moyseses']"
alteri,"['alte', 'alter', 'allero', 'alle', 'altero', 'altre']"
dei,['dea']
heit,['heittu']
forn,['forn']
obphar,"['ostar', 'obpfar']"
obar,['otachres']
nidar,"['nid', 'ndr']"
miti,['miti']
sicherlîch,"['sinero', 'sineru']"
degan,['degano']
furtretan,"['furlaet', 'furtretanu', 'fuotriti']"
luttil,"['luttila', 'luto']"
sitten,['sitten']
pruch,"['prut', 'pr']"
burolang,"['burebarn', 'buozholoda', 'buolang']"
arbeit,"['arbeo', 'armenint']"
laos,['laosaher']
rant,['raet']
des,"['des', 'desa', 'desiu']"
faterlôs,"['fateres', 'fatelo', 'fatero']"
misseskiht,['minesdat']
friuntlaos,['friuntlaos']
ordenunge,"['otachreummet', 'odmuodigosto']"
tirri,['tirri']
dechisto,['dechistomiti']
drouich,"['deotrichhe', 'driu']"
at,['at']
enheine,"['enteimo', 'endimeinida', 'egieina']"
ti,['ti']
leop,['leop']
kuche,['kud']
herzenlîch,"['herkonnem', 'hpetdenner']"
mankunni,"['mannum', 'manhrusti', 'manum', 'mnkunnesm']"
wanân,['waniu']
wente,['wettu']
hintarqueman,"['hiltibrantobana', 'hiltibrantwewurt']"
aboh,['ab']
hevan,['heuane']
neo,"['neo', 'nlo']"
dana,['dana']
halt,['halt']
sippa,['sippan']
dink,['dink']
gileiten,"['gileitos', 'gineitinu', 'gilegitaz', 'gileittu']"
want,['want']
arstantan,"['armewuntane', 'azstantu', 'arstantu', 'arstantanti']"
baug,['bauga']
keisur,"['keisuringu', 'keisure']"
gitar,"['gitanso', 'gitan']"
der,"['der', 'dem', 'derlh']"
kuningin,"['kuning', 'kuningalig', 'kiuuinnit', 'kuninkdz', 'kuninges', 'kuninge']"
garwen,['gapfuneo']
dirre,['dir']
it,"['it', 'ithmu']"
huldî,['huldi']
giburt,"['gibu', 'giburt', 'giburti', 'giburita']"
genuht,"['geru', 'geno', 'gena']"
faho,['faha']
ortwasse,['orte']
hôh,['h']
sprechan,"['spaherspenis', 'sprach']"
diuhen,"['dinem', 'diu', 'diz', 'diurente']"
wartâri,['wortunwili']
ding,"['dinu', 'ding', 'dinge', 'dina', 'dino']"
sperren,['speru']
werban,['werpan']
alsulh,"['also', 'allu', 'alliu']"
gialt,['gialtet']
ewit,['ew']
wiht,['wit']
forhtlîch,"['fortos', 'forlaz']"
westar,['westar']
furneman,['furnam']
wela,['wela']
gisiuni,"['gisihu', 'gisiuni']"
rucki,['rustim']
heme,['heme']
gotman,"['goten', 'goteenti', 'gommanne']"
desde,"['desemo', 'desero', 'dese']"
richesôn,['richerekkeo']
wurzala,"['wurtiwelaga', 'wuazs']"
sumar,"['sumaro', 'suma']"
wint,['wintro']
ur,['ur']
dar,['dar']
skerian,"['skerita', 'skritan', 'skurimdat']"
seitsagte,['skeotantero']
burc,"['burk', 'buche']"
gifesten,['gifasta']
suas,['suasat']
kindjung,"['kindsuertu', 'kinddiu']"
hauwan,['hauwan']
bretôn,['breton']
singan,"['sinu', 'sinthgunt']"
bihwiu,"['billiu', 'bihuuiu']"
bald,['ba']
ellen,"['ellen', 'elbon']"
taoc,['taok']
giwinnan,"['giwinna', 'giwigan']"
raub,['rauba']
birahanen,['birahanen']
enein,['enik']
halsberg,['habesder']
agusto,"['argosto', 'age']"
wider,['wiges']
warnen,"['warne', 'wabnum']"
welîh,['wel']
lustigôn,"['lustitgudea', 'luduig', 'luduigan', 'luduignel']"
giminnerôn,"['gimeinunniuse', 'giminnerodes']"
molta,"['motti', 'moltu']"
hwergin,['hwerdar']
hiutu,"['hiutudero', 'hiutu']"
ruohhen,['rumen']
erdo,"['erdo', 'erdota']"
rehtnissa,['runnonobeder']
ubargangan,"['uualtan', 'uuordanan', 'uuazzarfaz', 'uuartari', 'ubargeng']"
samant,"['samane', 'sauuit']"
stimma,['staimbort']
klebên,"['klud', 'klubod']"
helith,"['heuw', 'hefit', 'heliases']"
im,['im']
liudskepi,"['lintunluttila', 'liutinheigu']"
wurch,"['wurt', 'wuer']"
iedoch,"['isidor', 'iudeo']"
semftl,['sefilla']
fimeman,['fide']
hear,['hear']
kindilîn,"['kwhidit', 'kwhidim']"
wuo,['wueo']
giquedan,"['giuuordan', 'gieredan', 'gikwhedan']"
kreftîc,"['krist', 'kreftikdiu']"
dach,"['dazs', 'dz']"
girûni,['giruni']
himilisk,"['himilisk', 'himiliskhes']"
gibirgi,"['giburdi', 'gibar', 'gibiudittho', 'gibirit']"
kriegen,"['kriste', 'kristn']"
endi,['endi']
dhrînissa,['drinissa']
frammert,['frammert']
gichundan,"['gichundemes', 'gichundidi', 'gichundit', 'gichundidom', 'giund']"
heilego,"['heileg', 'heilida', 'heilegeno', 'heilego', 'heilegono', 'heilegim', 'heiligon']"
giscrib,"['giskribes', 'giskriban', 'giskrip', 'giskribe', 'giskrib']"
ir,['ir']
giberan,"['giboran', 'gigeban', 'giboranan', 'giboraniu']"
araugen,"['araugemes', 'araugida', 'araugit', 'araugta']"
alsam,"['azs', 'azz']"
erliuhten,['erist']
fleisk,"['fleiskhes', 'fleiskhe']"
irslahan,['isaias']
umbi,"['umbi', 'uuamba']"
predigôn,['predigondo']
kochar,"['kwhad', 'kwham', 'kodalenk', 'kotmanno']"
ginâdig,['gind']
umbirîtan,['uuirdit']
snel,['sn']
oba,['oba']
sinwelbi,"['sinem', 'sines']"
skild,"['skuldrom', 'skalkes', 'skoldii', 'skuli', 'skalk']"
ginemnen,['ginemnit']
girâdo,['girado']
strengi,"['strengi', 'stuen']"
ziohan,['zuohald']
unbera,['uueraldi']
fridu,['frido']
hêrosto,['herosto']
giwonaheit,['gimanakfaldit']
sigevane,['sinera']
sipbea,['sipbea']
forasago,"['forasago', 'forasagono', 'forasag', 'forstuont']"
giwisso,['giuuisso']
derren,"['deru', 'derra']"
lyuzzila,"['lyuzil', 'lyuzilan']"
wunnia,['wuanda']
nalles,['nalles']
bidiu,['bidiu']
abur,['auur']
wunsam,['wues']
nibu,['nibu']
krûzi,['kruzi']
druos,"['druok', 'drtoder']"
titulo,"['titulo', 'titus']"
haubit,"['haubide', 'hau']"
pilidi,"['pilatus', 'pindr', 'pfilippes']"
skara,['skhameen']
aerdha,"['aerlos', 'aer', 'aerda', 'ageda']"
bichnâan,['bichnaan']
nemnan,"['nemnanne', 'nnan']"
gilouben,"['gilauben', 'gilauban']"
farkiosan,['fanknissa']
dau,"['dauid', 'dau']"
luzzelî,['liuzelu']
minneclîch,"['minneru', 'minemo', 'mineru']"
farmullen,"['faruuu', 'fanueles']"
einîg,"['einiga', 'eininges']"
falcho,['fal']
arteilen,"['ardeilendi', 'ardilet']"
arîdalen,['aridalida']
feraht,"['fenk', 'ferit']"
psalmo,"['psalmom', 'psalmo']"
reie,"['reue', 'rene']"
luginâri,"['luzifere', 'lugina']"
sama,"['sama', 'samaso']"
beran,['berand']
arspringan,['arspringit']
dinstrî,['dinera']
ingân,"['iugundi', 'ilung']"
fleisklîh,"['fleisknissa', 'fzonskl']"
heilag,"['heilak', 'heilages', 'heilag', 'heilagen', 'heilagan']"
geist,"['geist', 'gelstro', 'geistes']"
kunni,"['kundida', 'kunnie', 'kunne']"
siðon,"['sion', 'simeon']"
hêristo,['hohisto']
see,['see']
sigikamf,"['sagida', 'silikwis']"
umverdôn,"['uuerdan', 'uuerden', 'uuerdn', 'uerd']"
ieslîh,['izs']
himilrîh,"['himila', 'himilo', 'himile', 'himiledr']"
angil,"['angila', 'angil']"
elliu,"['elliu', 'elis']"
gislahti,"['giskafti', 'giskaftim', 'gisahi', 'gisaztiu']"
dheonôn,"['deonondiu', 'deonon']"
untar,['uuaar']
fiund,['fiant']
foraspel,"['foraspel', 'forgip']"
bifangolôn,['bifangolode']
sezzen,"['sezzan', 'sezzit']"
zellan,"['zellando', 'zeli']"
kewaltigo,"['kwhedant', 'kwhami', 'kwhalm', 'kwemnkunno']"
mund,"['mundum', 'msundio']"
alde,['ald']
bifora,['bifora']
zieran,['ziid']
wundar,['wuedar']
odho,"['odo', 'od', 'oo']"
bimidan,"['biidan', 'bimuuirdig']"
danewert,"['daniheles', 'darkwhedene']"
kunst,"['kumft', 'kuret']"
iagilîh,"['iaar', 'iaaro', 'iae', 'iaro', 'iar']"
arzellan,['arzelidiu']
offono,['offono']
gisagên,['gisaget']
martyrunga,"['martyru', 'martyrunga']"
ernustlihho,['ernusti']
nicht,"['nim', 'niz']"
gadum,"['gaum', 'gald']"
desse,"['desses', 'desse']"
unwertes,"['uuortes', 'uuenteo']"
sibunzo,['sibunzo']
gitriuwi,['gibreuido']
dienest,"['dineru', 'dine', 'dines']"
ginuog,['giendot']
umberede,"['uuerde', 'uuereda', 'uuerdeso']"
abo,['aboha']
ubarhlaupnissi,"['ubarhlaupnissi', 'uirnlustigoint']"
sunda,['sundono']
eltiron,"['euuik', 'euuigon', 'eldiron']"
bidwingan,['bikwhime']
spel,['spel']
arfullan,"['arfullit', 'arfullant']"
gisalbôn,['gisalbot']
ziero,['zide']
gizelt,"['gizelido', 'gizelide']"
zeihhan,"['zuui', 'zeichane', 'zuei', 'zeichan']"
archennan,['arkennit']
nerren,['nerrendeo']
kiosan,['kwhoman']
sibba,"['sib', 'sibba']"
moweliche,['moysi']
mennisch,['meinit']
standan,['stundom']
sibunzug,['sibuni']
zisamane,['zisamande']
fimfzuc,['fimfzuk']
ziere,['ziide']
tarnen,['tazs']
kumber,['kumfti']
meri,['mera']
zehanzo,['zehanzo']
feorzuc,['feorzuk']
undertân,['uuort']
ziwâre,['ziuuare']
heriscaf,"['hierusalem', 'heriesi', 'heres', 'heriston']"
arwuostan,['aruuostit']
ghelstar,['gelstar']
salbunga,['salbunga']
bilinnan,['bilunna']
redha,"['rd', 'reda', 'ren']"
arslahan,"['arslagan', 'arslahan', 'arslahet', 'arsluogi']"
libbian,"['liudi', 'libegilobot']"
ende,['ende']
gisezzen,"['gisezzit', 'gisizzitder', 'gipuzzit', 'gihezzan', 'gisezitu']"
infancnissa,['idalnissa']
gidîhan,['gidaan']
palwic,['passione']
sigu,['sigu']
inneclîch,['iudeoliudim']
zistrudan,['zistrudida']
bihelan,['bil']
blostar,['blostar']
satzunge,"['samnunge', 'sauuenne']"
haldan,['haldan']
uri,['uurdi']
underskidôn,['udeiskh']
hartnissa,['hartnissu']
arliugan,['arsluog']
ungefrent,"['uuellent', 'uuerdent']"
kitarnan,"['kwhomenan', 'kitr', 'kitriufit', 'kitrnn', 'kitrgndz']"
gioffanôn,['gioffanodom']
kilîh,"['kilaubo', 'kit', 'kild', 'kwid']"
minnan,"['mannan', 'minu']"
gifrummen,"['gifrumida', 'gifremit']"
sâlidha,['salidom']
oder,"['odagan', 'odil']"
skuoh,"['skuo', 'skl', 'skuof']"
selida,['sezzida']
paradis,"['paradisi', 'paradises', 'prdisupu']"
untriwe,['uuari']
furiro,['furiro']
antreita,"['andrem', 'antreitu', 'azareth']"
erdürsten,['erdniss']
giunhreinan,"['giunhreinida', 'giuuerbit']"
dannan,"['danan', 'dannan']"
uns,['uzs']
geil,['geil']
arfurpan,"['aruuorpanan', 'arfuor']"
arqueken,"['arsluok', 'aruuegodi', 'arkweketa']"
blîdhnissa,['bliidnissu']
beitôn,"['beit', 'beitonti', 'beitot']"
alwaltendi,"['aluualdendeo', 'aluualten']"
reht,"['re', 'rget', 'ret']"
gigarawen,"['gigarauuan', 'gigarauuitas']"
ginist,['ginist']
werfan,['wuerfandi']
ubere,"['uuege', 'uue', 'uube']"
ensamt,['euua']
gifuari,"['gihuurfi', 'giuuati']"
ubermuot,"['uuerkum', 'uueizuue', 'uuerkot']"
ubarmuodic,['ubarmuodik']
kleiben,"['kilaubendi', 'kwekken']"
ingant,['iungist']
antfangi,"['antfenk', 'ankwad']"
gimahha,['gisah']
giloubîg,"['gilaubid', 'giloubfolle']"
mittingart,"['mittingart', 'mittingardes', 'mitonmrrit']"
diubil,['diubilo']
drugidha,"['drugida', 'diuandaru']"
scheffidh,['skheffides']
huldîn,['huld']
ingesinde,['iudeoliudi']
lastar,"['lastront', 'lastar']"
wundarlik,['wuederu']
gisamanôn,"['gislaganan', 'gisamonoten', 'gisamano', 'gisamanon']"
donar,"['dodan', 'dod']"
firstandan,"['firstandande', 'figand', 'fstundio']"
alsus,['aloos']
nara,['nara']
girihti,['girista']
gemartiren,['gimartirot']
finger,"['findemes', 'finger', 'findet']"
urchundî,"['urkund', 'uoruuirdu']"
antreidin,['andreidim']
folgên,['folgemes']
bigangeri,"['bigunne', 'bigangere']"
manniscnissa,['mannisknissa']
teidinc,['teutoniku']
meineide,"['memoiae', 'mhlstetideru']"
lustlîhho,"['luduiko', 'llzkirhhon']"
engegen,"['ege', 'ezzemes']"
firliosan,"['filio', 'filogotmnno']"
aleine,"['aekwe', 'alenk']"
unheil,"['uueiz', 'ufeit', 'uurtil', 'uuine', 'ufhimil']"
he,['he']
godspell,['gode']
lob,"['lonot', 'lob']"
undthat,['uuath']
magaczogo,['magakzogo']
dugid,"['dugidi', 'dauides']"
githigini,['githig']
tunclîh,['tuol']
hie,['hie']
undenân,['uankon']
ouh,['o']
giweit,"['gideilde', 'gisezit']"
argeban,['agebuode']
eme,['emo']
kalo,['kzala']
genieten,['gendiot']
korn,"['koon', 'konda']"
unfollîh,"['uuolda', 'uuola', 'uolla', 'uuolta']"
aber,['abeidi']
thôlôn,['tholon']
heidin,['heidine']
lidirenki,['lidanthiot']
ungerno,['uankono']
manôn,['manon']
dionôn,"['dionoume', 'diotono']"
unlanc,"['ueloane', 'uulon']"
umbe,['um']
ebanchilîh,"['ekoanehaankaa', 'ebamede']"
misselebên,['mielebetathe']
usa,['uua']
thanglîch,['thanana']
gispanan,['ginanam']
unthat,['uaton']
guot,"['guot', 'guotes', 'guotan', 'guoton']"
folch,"['fol', 'fo']"
loch,['loe']
gibiotan,['gibuozta']
thûsunt,['thekuning']
ich,"['ichi', 'i']"
gilouba,"['giituua', 'giloubtus']"
erslahan,['ebolgan']
leide,['leido']
unreht,"['uuie', 'uurk', 'uurd', 'uarn']"
alwalto,['alla']
nordenân,"['nothiez', 'ndremohelfn']"
thiot,['thaot']
intgeltan,['itanhluduig']
neoman,"['nothman', 'neomn']"
heida,['heo']
duon,['duon']
et,"['ette', 'et']"
urloub,"['ulub', 'ulo']"
wonên,['wob']
gundfano,['gundfano']
gagan,['gaga']
thankôn,"['thankod', 'thank']"
beschouwen,['beidodunkwad']
beidên,['beidon']
ubi,['uui']
guotlihhîn,"['guotokod', 'guotdenner']"
hiu,['hiu']
gisellio,['giellion']
michelî,['mine']
nôtstallo,"['nottallonhea', 'nothmangode']"
elinbogo,"['elbo', 'elisabeth']"
nistniis,['niaoti']
uoben,"['uolgon', 'uuengo']"
handmegin,['holdongikeit']
hiarwist,['hieuuit']
unsliht,"['uuili', 'uuelihemodz']"
kikunt,"['kituuili', 'kispnedz', 'kifrumit', 'kwidu']"
hinafart,"['hinauath', 'hinanfo']"
giwalt,['giuualto']
ellian,"['ellian', 'elysabeth']"
giduon,"['giduot', 'giuuonu']"
ungiloubig,"['uuillionkwimit', 'uuituua']"
gilingan,"['gilonon', 'gigangan']"
iogilîh,['imozbilibit']
thanc,['tha']
ellianlîcho,['ellianlicho']
eitar,['eit']
heggehol,['heuuolde']
fano,"['fand', 'fant']"
iht,['ihit']
angar,['ang']
lioth,['lioth']
ambeht,['aman']
gen,['g']
kyrrieleison,"['kyieleionang', 'kihuktinhimilisk', 'kuningekichundit']"
gizungi,['giunga']
umbigân,['uuig']
bidenchan,['bigunnanbluot']
keren,"['ke', 'kwede']"
unlanges,['uuangon']
irlouben,['ilod']
unchunt,"['uankontha', 'uuiu']"
gekunni,['gekunniuma']
unmanig,['uman']
hehtêht,"['hehe', 'hpet']"
hant,"['hanton', 'hant']"
linde,['lide']
hio,['hio']
kalt,"['kaft', 'kat', 'kwat']"
ingileiten,"['igihaft', 'igikamf']"
abuh,['abu']
obe,['oe']
thurft,['thuft']
ungimah,"['uuagihalde', 'ugit']"
einlif,['eiris']
duomen,"['duoder', 'duomen']"
hapt,['hapt']
leid,"['lezid', 'leid']"
kuonheit,['kuoniouuidi']
springan,['sprink']
faran,"['far', 'farames']"
pfell,['pfol']
fuoren,"['fuor', 'fuir']"
holz,['holza']
baldên,['balderes']
folo,['folon']
fuoȥ,['fuoz']
birenken,['birenkit']
biruoren,['biguol']
en,['en']
sunna,['sunna']
erda,"['era', 'erd', 'erda']"
suster,['suister']
bluot,['bluot']
bluoma,['bluoda']
lid,['lid']
gelenden,['geliden']
têkan,['tk']
piqueman,"['pikwemedz', 'pikwemn', 'piuuisanne']"
schrîn,['sr']
rîheit,"['rhefit', 'rhefitder']"
leiten,"['lzit', 'leitit', 'leitet']"
kleit,['kwimit']
himilzungal,['himilzunglo']
umpi,['umpi']
sorgen,"['sorgen', 'sorgundr', 'sgen']"
mukka,['mk']
seltsâni,['selunzi']
suonen,['suon']
ungeferte,['uuederemo']
stegereif,['stnzseskisind']
sprâhha,['srdr']
finstrî,"['finstridz', 'fintu']"
upi,['upi']
freht,"['fr', 'frnt']"
diepheit,['diedie']
drof,"['dr', 'drf']"
enbieten,['engiloeign']
dienst,"['die', 'dien']"
pringan,"['pringent', 'prno']"
lip,['lip']
no,['no']
firstantnissi,['finstriselid']
nist,['nist']
hilfa,['hilf']
pidiu,"['pidiu', 'pi', 'pidung']"
lernên,['llero']
mâno,"['mnno', 'mno']"
inblandenî,['illunkerno']
tuo,['tuo']
hellan,['hell']
fursto,['fuirhrto']
unmuoȥe,"['uuise', 'uuize', 'uuorte']"
stolz,['stnsz']
leisten,['ltist']
heiȥan,['heizzn']
lust,['lukso']
huckan,['hukkn']
suntiôn,"['suntige', 'suni']"
finstar,['finstr']
fier,['fir']
pluot,"['pluuik', 'pluot', 'pldetder']"
zeche,['ze']
ungenâde,['uueng']
gotforht,"['goteuunt', 'gotforht']"
hirti,"['hir', 'hirta', 'hirt']"
understrîchen,['uueroltifter']
mahtig,['mhtigo']
malhe,"['mhl', 'mhle']"
kipannan,"['kipnnit', 'kanan']"
pan,['pn']
furisizzen,['furisizzn']
forhta,"['for', 'forhta', 'forhtu']"
rahha,"['rhhu', 'r']"
unzerworht,['uuerolti']
entriuwen,['eokiuuerkot']
nâhlihhôn,['ntichristomit']
elilenti,"['elise', 'elises', 'elilentes']"
pâgan,['pgn']
trahho,['tr']
uðia,['uuik']
rehtkern,['rhpnkenf']
korôn,"['kos', 'kor']"
stritôd,['strititpi']
kistarkan,['kistrkn']
helfant,['helfnder']
himilrîhhi,['himiles']
kihuct,['kiuultit']
lintrache,['ltfintestet']
innân,['inn']
farsenkan,['frsenkn']
irsterban,['ikstetiuunt']
pifallan,['piflln']
siðwôrig,['sindesiglos']
urliugefluht,['uuigeruurtit']
prinnan,['prinnnt']
pergamin,['pergpoum']
ruken,['rtruknent']
muor,"['muor', 'muozzi']"
frumichait,['frsuuilhit']
loug,['lougiu']
himil,['himil']
foltrinkan,"['fllitprinnit', 'foltrunkane']"
mittilagart,['mittilgrtsten']
furifaran,['fuirufiriho']
ungiwândo,['uuison']
dehein,['dene']
muspilli,['muspille']
preit,"['preit', 'prnet']"
fruintin,['frprinnit']
luft,"['luftiz', 'luffet']"
luzîg,"['llz', 'luzig']"
rîhhituom,['rfurpituur']
mârida,['mrhdr']
magan,['mgon']
frôlih,"['frpr', 'fraz']"
stat,"['stet', 'stat']"
puaȥȥa,['puzeso']
mennen,['mnne']
riomo,"['rhono', 'riof']"
recchen,['rteiledenne']
schoenen,['sorgendenne']
suona,['suonu']
houbeten,['hbet']
tiufal,['tiufl']
steinahti,['stentit']
sigilôs,['sidupiles']
tehan,"['tfh', 'ten', 'tes']"
hochgemuot,['hornkilutit']
sunu,"['sunr', 'sumu']"
leisieren,['lepentendenne']
meistar,"['meist', 'meistar', 'meista']"
pald,['plddz']
nioman,"['niomn', 'nioman']"
kipagan,['kipgn']
diap,"['di', 'dia']"
sleht,['sget']
engil,"['engiluper', 'engil', 'engile', 'engila']"
diob,['dio']
meintât,['mrhuuechnt']
deistdaȥist,['deotuuissnt']
rasten,"['rsten', 'rstentso']"
losen,['lossn']
leijo,['leuuo']
turtulitûba,"['ttinrteilit', 'turtilitub']"
underwenden,['uuerdedenne']
suonnan,['suonnn']
reinôn,['rteilln']
umbiwerft,"['umpiengilo', 'umbiuuerft']"
menigî,['menigi']
guotî,['guotero']
gommanbarn,"['gomonogrt', 'gommanbarn']"
filo,['filodi']
resti,['resti']
pimtdan,['pimidn']
unnuzzi,"['uuz', 'uuizzaga']"
degen,['desen']
mandragora,['mnnunmordes']
listig,['listik']
menden,"['mnder', 'menken', 'mendent']"
riuten,['rliugn']
meisto,['megitto']
loh,['l']
unzan,"['uzzn', 'uzzan', 'uuazar', 'uuizenti']"
lustsam,['lmusnu']
furimagan,['furimegi']
kisezida,['kipuztidenne']
frôno,['frono']
menniskî,['menniski']
niender,"['nfenk', 'nirfuor']"
fardolên,['frdolet']
peh,['pe']
dingesgeben,['dioterichen']
pari,['page']
an,['an']
tiufi,"['tiu', 'tiufi']"
terien,['ter']
tian,['tia']
tier,['tie']
tuoh,"['tu', 'tuochum', 'tuot']"
hêrro,['hydro']
noh,['n']
unde,['un']
bekumbern,['beuullet']
beton,"['bzet', 'betonti']"
trohtin,['trbt']
gesenten,['geunt']
bechennen,['bezechene']
hella,['hella']
lîhhamo,['lhhamn']
gehabên,['gehaf']
ougenweide,"['onozentaurdemo', 'ohannemint']"
offenbæren,['onozentaur']
ungelt,['uogele']
uvele,['ule']
nein,['nen']
geliuhten,['gelutgot']
merimanni,['mermann']
brâtan,['brhtan']
bezîte,['bezene']
manlîh,['mann']
underwîlen,['uuerltlhen']
lusten,['luten']
halb,['halb']
roub,['ro']
plle,['plde']
habên,"['habn', 'haben']"
erklengen,['eruullntde']
harnasch,['hyaena']
durah,['durh']
olei,['olhe']
erila,"['ert', 'erira']"
krût,['krt']
petôn,['petton']
abgot,['abgot']
bernen,"['begnen', 'berenti']"
neweder,['neuuedr']
getougen,['geloubge']
nennen,['nent']
alumbe,['alomon']
zetal,['zufaltk']
zalôn,['zufaltkro']
heriberga,['herodes']
sumer,['sumer']
anasidili,['abiasesint']
arfaran,['aarones']
beide,['beidu']
gangan,"['gangenti', 'gangent', 'ganga']"
bibot,['bibot']
bithiu,"['bithiu', 'biti', 'bitis']"
frambringan,['framgigieng']
biscofheit,"['biskofheite', 'biskofheites']"
girdinôn,"['giordinot', 'girdinota']"
framgangan,['framgieng']
brehhan,['branti']
zeso,['zeso']
gitruoben,"['gitruobit', 'gitruobenint']"
sehan,['sehenti']
anafang,['anafiel']
forhtian,['forhti']
gibet,"['gibet', 'gibetu', 'gib']"
nemnen,['nemnis']
gifeho,['gifeho']
blîdida,['blidida']
trinkan,"['trinkit', 'trink']"
gifullen,"['gifullit', 'gifulte', 'gifullen']"
irwellen,['israheles']
bano,['barno']
geistlîh,"['geiste', 'geista']"
giburen,"['giuuente', 'gibure']"
garawen,['garuuen']
bium,['bim']
alt,['alt']
antlingôn,['antlingont']
gabilôt,"['gabriel', 'galileu', 'gabi']"
gisunt,['gisentit']
disc,['disu']
suachen,"['suigenti', 'suochen', 'suochent']"
gilustlîh,['gifultu']
zierist,['zitiint']
vurebringen,"['vfuntorot', 'vfuntoronte', 'vfurdiint', 'vfuntoronti']"
durchluter,['duruhuuoneta']
stiura,['stumuuard']
framqueman,['framkwam']
gibrieven,['gibrieuit']
verdoln,['vfurdi']
syn,['syriu']
grâwen,['grauen']
krône,['kyrine']
dionôst,"['dionost', 'dionota']"
burgliuti,"['burgifuor', 'burgi', 'burgliuto']"
iowedar,['iosepf']
hier,"['hiez', 'hier']"
nauwe,['nazareth']
burg,['burg']
begheuen,['bethleem']
hursgen,['huse']
hiwiski,['hiuuiske']
girahhôn,['giiahi']
saman,['saman']
marcha,['mari']
tagalîh,"['taga', 'tages', 'tage']"
barc,['bari']
bistantan,"['biuuant', 'bivfuntanaz']"
gimeita,"['gilegita', 'gimeit']"
krippa,"['krippea', 'krippeasie']"
gaturstig,"['gasthuseuuar', 'gauuorachtos']"
bihaltan,['bihaltante']
erholn,['ero']
biskeran,['biskhe']
gifehan,"['gifehon', 'gifehan']"
allermeist,['allemo']
heilant,"['heilant', 'heilantsine', 'heilantes', 'heilan']"
sliumo,['sliumo']
lobôn,"['lobontiu', 'lobonte']"
tiuri,['tiurida']
erdrîhhi,['erdu']
unvollanlîh,"['uuillenuuard', 'uuollenti']"
zaichen,['zuisgen']
irwenten,['ilente']
funf,['fund']
iogiwelîh,['ioseben']
giwîtan,"['gikwetan', 'gikwetanu']"
vruchte,['vfurd']
marca,['maria']
gihaltan,"['gihielt', 'gihalot', 'gihalota']"
vürbaȥ,['vfurb']
giwerchan,['gisprochan']
argangan,['argangana']
bisnidan,['bisnitan']
pfarra,['pfanga']
giwaltan,['gifulta']
sûbarnessi,"['subarnessi', 'subernessi']"
zehant,['zua']
gimah,['gimach']
turi,['tubikl']
senede,"['seno', 'senu']"
irbelgan,['israhelo']
fluobara,['fluobra']
pfenden,['pfieng']
antwurti,['antvfurti']
arsterban,['arsturbi']
arbait,['arma']
lobelich,['lobota']
ougen,"['oug', 'otages']"
annuzi,"['annuze', 'anna']"
rinnan,['rigannesse']
diuri,['diuridu']
unchilaubo,['uuihita']
urhêtto,['urresti']
irsmâhen,['israhel']
undarquedan,"['uuidarkwidit', 'uuidarstantanne']"
trügenheit,['trigane']
manag,"['managen', 'managiu']"
githenken,"['githankauuas', 'gigienk', 'gieng']"
asneri,"['aseres', 'asnere', 'asner']"
managfalt,['managa']
lebara,['lebeta']
fior,['fioru']
nio,['nio']
fast,['fast']
zimieren,['zitikwementi']
druhttn,['dritten']
stâti,['steti']
indi,['iungiro']
brûtlouft,['brutloufti']
steinîn,['steininu']
bihabên,['bihaben']
einbære,['einero']
fullen,['fullet']
faz,['faz']
untazs,"['uuazaru', 'uuazzar']"
furhten,['fult']
skepfen,['skepfet']
bringan,"['bringet', 'brunga']"
furistsizzento,"['furistsizzenten', 'furistsizzento']"
unstâti,['uuesta']
brûtigomo,['brutigomon']
gistelli,['gihielti']
furgeban,['fugala']
firhelan,['fiel']
verzagen,['vfurzal']
sum,"['sumiu', 'sum']"
dorn,['dorna']
furstantan,['furthamft']
andarwîs,['andaru']
guotlîh,['guota']
tehtier,"['tetrarka', 'teta']"
scanta,['santa']
iowanne,"['iohannem', 'iohannes']"
giheften,['giheftita']
karkâri,['karkare']
hebbian,['herodianem']
kneht,['kwe']
halftanôd,"['halota', 'halftanod']"
herte,['herode']
arlouben,['arloubit']
hovegesinde,['habenneherodias']
farawa,"['fareta', 'faru']"
liuhten,['liut']
gihören,['gihorentemo']
gouma,['gouma']
gidrahtôn,['giereton']
furihten,['furiston']
herzblidi,['herodiadis']
gisalzôn,['gisalzota']
sizzen,['sizzenton']
magatîn,['magatine']
giscuohi,"['gisuuor', 'giskuohiu']"
minnea,['mines']
bituon,['bitu']
houbit,['houbit']
toufa,['toufares']
gebreste,['gebes']
diute,['diske']
habaro,['habata']
zehenzug,['zuuene']
ingangan,['iungoro']
teil,"['teil', 'teilta']"
maneg,"['manegen', 'manege']"
tagên,['tagon']
ziwerfan,['ziuuarf']
hungar,['hungar']
bigangan,"['bigonda', 'bigond']"
zogenc,['zuoklebeta']
dorf,['dorf']
sulîh,['suu']
deot,['deo']
gifuori,"['giuuorban', 'giruorit', 'gifuotrit']"
vuoge,['vfuo']
brot,['brotes']
hungiren,['hungere']
sunta,['suntota']
mittilôdi,['mittiu']
ferro,['ferro']
miltida,['miltida']
gegin,['geg']
lougen,['louffenti']
kurtf,['kusta']
girusten,['giuuatet']
gemeit,['gebet']
fingirîn,['fingir']
kalb,"['kalb', 'kalbher']"
goumen,"['goumumes', 'goumonuuas', 'goumti', 'goumon', 'goumitho']"
dieser,['deser']
forðwardes,['foruuard']
fuora,['funta']
achar,['achre']
nabilo,['nalichota']
gistimmi,['gistimmi']
sang,['sang']
gruoba,['gruozta']
antwurten,['antuurtenti']
manig,['manigiu']
zikîn,['zik']
sunder,['sunther']
birsen,['bis']
gilimphan,['gilampf']
ubarstîgan,"['uuardtho', 'uuistom']"
ratissa,['ratissa']
boum,['boume']
phigboum,['pfigboume']
hou,['hou']
mist,['mist']
teilen,['teile']
erbi,['erbi']
teilâri,['teilari']
girida,['giridu']
bisizzen,['bisizzit']
ackar,['akkar']
tuon,['tuon']
mer,['mer']
min,['miniu']
seola,"['sela', 'seo']"
tumbo,['tumbo']
drisiwen,['drisiuuit']
gafregnan,['gafreg']
firahiâ,['firahim']
firiwiz,['firiuuizzo']
pereg,['pereg']
skehan,['ske']
martyra,['mareo']
ente,['enteo']
milti,['miltisto']
manak,"['manake', 'manak']"
fordaro,['forgapi']
ganâda,['ganada']
galaupa,['galaupa']
spâhida,['spachida']
kraft,['kraft']
arke,['ark']
garuwian,['gauurkanne']
